matrix
61 10
0.02472027588881861  0.006494483179329508  0.003392705682782018  0.001146430611696846  8.058865442321148e-17  0.003134796254256621  2.889447271209366e-274  0  0  0  
0.003695285819722565  0.02302589490853205  0.01950805767599661  0.7965978713618016  6.669054059266909e-52  0  1.396569224984738e-211  0  0  0.08163265306122448  
0.01484765226102299  0.02892997052610436  0.006785411365564037  5.173388038687635e-225  1.201615480872075e-26  0.01724137939841141  4.438808144080336e-189  0.08695652173913043  0  0  
0.0161974388302069  1.102293050069938e-09  0.01441899915182358  5.453142203564282e-202  0.04126035771905355  0.01724137939841141  1.213034721850463e-144  0  0  0  
0.01214807912265517  7.916733384823225e-47  0.005089058524173028  1.096007135712366e-265  0.07908235639615945  0.01724137939841141  3.903388342361694e-80  0.08695652173913043  0  0  
0.01365419628325998  0.02066426466150312  0.01017811704834606  0.002370629551443669  4.232542339831959e-21  0.02664576816118127  4.523247293464426e-158  0  0  0  
0.01825206948749369  0.03778608395246284  0.01102629346904156  0.008090547907558468  2.190807572949036e-34  0.0156739812712831  1.798739440459119e-179  0  0  0.08163265306122448  
0.01650135423702985  0.02361630247028928  0.01272264631043257  0.003752807112071724  2.33385508830915e-30  0.01880877752553972  1.376550383314493e-190  0.08695652173913043  0.1666666666666667  0  
0.01466513554465923  0.0194834495379886  0.01611535199321459  0.004948116864686835  9.424406731092769e-17  0.02037617565266804  2.750759600756261e-199  0  0  0  
0.03686065744166035  0.01948344953798865  0.07718405428329091  0.001181620351942974  3.614296911498938e-21  0.009404388762769861  7.323827349143166e-248  0  0  0  
0.01711617080016267  0.003702509940442556  0.01357082273112807  2.965733890881759e-199  0.05346081049986406  0.01724137939841141  7.93677944441381e-165  0  0  0  
0.01462268783282568  0.02361630247028928  0.006785411365564036  1.832753425039369e-198  7.705259754891405e-50  0.01253918501702648  4.060977878294093e-183  0  0  0.08163265306122448  
0.01439772340462836  0.01273470579877929  0.005089058524173028  1.067405315152208e-204  0.02914660773070263  0.007836990635641552  6.00109254768494e-166  0  0  0  
0.01395964285093486  0.01948344953798865  0.01357082273112807  0.003722624751837758  5.955547783282967e-19  0.01880877599099806  0.005526106526110285  0  0  0  
0.01525967144534639  0.02833956296434713  0.01187446988973707  0.006343907421935469  7.904729121957354e-21  0  4.557200670439219e-186  0.08695652173913043  0  0  
0.01358855102884402  0.01653141172920249  0.009329940627650551  0.003699163035651376  6.93978254145133e-18  0.01880877752553972  4.539380919831326e-187  0  0  0  
0.01340503801579563  0.02833956296434713  0.006785411365564036  0.003509666276637939  8.49975666764196e-43  0.02664576816118127  3.921476858363837e-187  0  0  0.08163265306122448  
0.03711913065255749  0.01129857124344487  0.09075487701441899  4.80492869570991e-237  0.02735000108882953  0  9.437838406948905e-253  0  0.1111111111111111  0  
0.01979686968136399  0.02302589490853203  0.005937234944868532  5.706345140800742e-183  3.438436926013131e-17  0.02507837003405296  2.1478534997858e-163  0  0  0  
0.01345792646468929  1.1501440011869e-06  0.007633587786259541  0.001211017379231608  0.03781976383500212  0  6.135856671516477e-186  0  0  0  
0.0174491847305848  0.02892996876084495  0.01017811704834606  0.002505064029553471  3.426787197155087e-09  0.02664576816118127  6.24387522774271e-151  0  0  0  
0.01597247440200958  0.02420671003204651  0.01272264631043257  3.349818437683846e-182  1.74741414733171e-49  0.01880877752553972  8.024479700967477e-176  0  0  0.08163265306122448  
0.01305420874748213  0.02715874784083267  0.00932994062765055  0.006141929589172938  4.551514654102988e-26  0  2.857433337765126e-208  0  0.1666666666666667  0  
0.01372489985935705  0.01407604076872261  0.008481764206955046  0.005132706338875799  0.002474215172128597  0.02037617565266803  4.715481162248398e-200  0  0  0  
0.02070139192542684  4.949482965275417e-10  0.01102629346904156  0.006234859803745932  0.06523352667267408  0.02194357377979634  1.588674344410241e-102  0.08695652173913043  0  0  
0.03439833504578833  0.01889304197623142  0.07463952502120441  0.001125452987537744  1.005992767325349e-19  0  6.138166047334896e-242  0.04347826086956522  0  0  
0.01282297240724713  0.02198444252162532  0.008481764206955046  6.842532447316059e-225  0.02494412823310517  0.01724137939841141  1.234359038961999e-157  0.04347826086956522  0  0.08163265306122448  
0.01569382125930895  0.02007385709974589  0.008481764206955046  0.00127387369625307  7.553378186519228e-33  0.006269592508513241  3.761492997463514e-109  0  0  0  
0.01387506260251871  0.02302589490853203  0.00932994062765055  2.315512455597554e-199  2.80353103758827e-17  0.01724137772981934  0.005508104738720238  0  0  0  
0.01259800797904981  0.01948344953798865  0.004240882103477523  1.91458254177142e-251  9.40050960487895e-20  0.02351097190692466  7.033975323050172e-175  0  0  0  
0.01107524584724079  0.0224354873467748  0.006785411365564037  0.00696136640183446  1.50618308891447e-17  0.01410658314415479  7.407308134784389e-62  0  0  0  
0.01613017883772443  0.01777355058647659  0.007633587786259542  0.003392782615298953  0.01592665158899574  0.03291536066969451  2.53102331119941e-154  0  0  0.08163265306122448  
0.01297403543464082  0.01461198658403474  0.005089058524173028  0.00342314407214244  0.03123296601870254  0.01410658314415479  1.823927544496587e-140  0  0.1666666666666667  0  
0.03261984208861113  1.113135853235933e-09  0.0737913486005089  1.230457650026844e-286  0.0412603576980051  0.01410658314415479  3.081013250521283e-247  0  0  0  
0.01757614971061301  6.533475160622043e-17  0.00932994062765055  0.0039815059707991  0.06991338753863358  0.01880877752553972  4.407117540808475e-177  0.04347826086956522  0  0  
0.0179405695850593  0.01889304197623142  0.03477523324851569  0.0496234940612791  2.237555200938675e-18  0.02194357377979635  9.549776855846464e-183  0.04347826086956522  0  0  
0.0123730435508525  0.03306282345840499  0.006785411365564037  3.147227670590493e-204  9.183668133050042e-44  0.01880877752553973  2.014876345906249e-113  0  0  0.08163265306122448  
0.01438372371675596  0.02184507978501758  0.008481764206955046  0.02886014222213563  3.125051472498456e-28  0.01097178688989817  3.598380600937868e-104  0  0  0  
0.01474678577571712  5.634425892038488e-20  0.006785411365564037  0.003624232702560553  0.05148872827537699  0.01410658314415479  2.328382401445639e-169  0  0  0  
0.01265475947949404  0.01948344953798865  0.005937234944868533  0.006939593830997702  4.202189861141905e-18  0.02507837003405296  2.396587044185056e-141  0.04347826086956522  0  0  
0.0129865415419394  0.007051583379624183  0.005937234944868532  0.002337538268915051  0.04017889623994216  0.007836990635641552  4.561286826363866e-169  0  0  0  
0.03192847141903734  0.0295203780878616  0.07124681933842239  0.001103760653849807  6.451339521933437e-32  0.02978056441543789  2.342741484187812e-208  0.08695652173913043  0  0.08163265306122448  
0.01124822140986591  0.01237006242438709  0.002544529262086514  1.628075659768405e-212  0.02870834589744173  0.01410658314415479  8.876269983863464e-184  0  0.1666666666666667  0  
0.01363886193461119  0.01771222685271679  0.007633587786259541  3.738861223740969e-223  3.387086570712696e-16  0.01567397936655476  0.005716002877589857  0  0  0  
0.01484765226102299  0.02656834027907544  0.006785411365564037  4.727422145349267e-227  8.258479317299651e-22  0.04075235130533606  3.655704502241496e-209  0.08695652173913043  0  0  
2.224116162431351e-05  0.00410670890014432  0.004240882103477523  8.845695691267656e-242  0.03099602166127142  0.006269592508513241  0.969423966714714  0  0  0  
0.01434656240707293  0.02833956296434714  0.009329940627650551  0.002290751786324024  8.704154818561252e-44  0.01253918501702648  1.142416796220782e-160  0  0  0.08163265306122448  
0.01372434775733235  0.008185103472822787  0.005089058524173028  0.003467037554182921  0.03754531287948973  0.03134796254256621  7.764531737690558e-170  0  0  0  
0.01686983400939682  9.9167874664409e-12  0.008481764206955046  0.007281177445120315  0.06525008840845981  0.00626959250851324  4.904265418097477e-165  0  0  0  
0.03082012666303258  0.01594100416744526  0.07039864291772689  0  3.428026075567627e-21  0.02821316628830959  8.49392455700056e-263  0  0  0  
0.012118381293904  0.009512658063936042  0.002544529262086514  0.001164198427518379  0.03883972989426662  0.01097178688989817  5.393700211296864e-173  0  0  0  
0.01327290126364177  0.02420671003204651  0.008481764206955046  2.445961774371953e-227  3.539569141278672e-49  0.01410658314415479  2.037586050787294e-112  0  0  0.08163265306122448  
0.01102325698166859  0.01461198658403474  0.003392705682782019  3.287833246745277e-223  0.03123296601870253  0.02507837003405296  1.072871450410258e-137  0  0  0  
0.01394779454823372  8.748326766756614e-14  0.007633587786259541  4.862319348585562e-212  0.03438363321555167  0  4.334666628305262e-160  0  0  0  
0.01337559466144291  0.02833956296434713  0.005089058524173028  0.00364426771797059  5.909047945933264e-20  0.03291536066969451  3.487515844241556e-162  0.04347826086956522  0  0  
0.01626690831305669  0.004904992415987432  0.01017811704834606  0.004824585785904992  0.03403084845301639  0.02507837003405296  7.312867947448227e-168  0.08695652173913043  0  0  
0.01262989514715442  0.02892997052610437  0.007633587786259541  0.003566129797954066  4.101650122218142e-43  0  0.005788717869614638  0  0  0.1020408163265306  
0.0345543407076724  0.02066426466150312  0.0737913486005089  0.004526001613576546  5.132576083621658e-32  0.02507837003405296  3.782274861728978e-248  0.04347826086956522  0.2222222222222222  0  
0.01240144476300304  4.349780023876494e-16  0.005089058524173028  2.250578292944275e-215  0.05838669111823144  0.00156739812712831  0.008037101273250937  0  0  0  
0.01102325698166859  0.02125467222326035  0.007633587786259541  4.180594342499337e-241  4.905313286132121e-22  0.0297805644154379  8.957586527815857e-174  0  0  0  
0.01192311469445786  0.005285616082901706  0.006785411365564037  3.303042956700662e-259  0.02985360431960573  0.03291536066969452  5.967603408477661e-127  0  0  0  
