matrix
21 10
0.9598885034758504  0  0  0.9982830065608768  0.006039746374339298  0  0.9540244424779848  0  0  0  
0  0  0  0  0  0.6238244494842446  0.004162344007428707  0  0  2.738628874883008e-202  
0  0.9492246229949861  0  0  0.983664126057596  0  0  0  0  0  
0  0  0.9991518235793045  0  0  0  0  0  0  0  
0  0.00767534768680443  0  0  0  0  0  0  0  0  
0  0.007675347686804431  0  0  0  0  0  0  0  0  
0.03943660238077989  0  0  0.001716993439123302  0.00571170025339961  0  0.0251638918820346  0  0  0  
0  0  0  0  0  0.3761755505157554  0  0  0  0.02040816326530613  
0  0  0  0  0  0  0  0.5  0  0  
0  0.007084936326281014  0  0  0  0  0  0  0  0  
0  0  0  0  0  0  0  0  0  0.9795918367346939  
0  0.01416987265256203  0  0  0  0  0  0  0  0  
0  0.007084936326281014  0  0  0  0  0  0  0  0  
0  0  0  0  0  0  0  0  1  0  
0  0  0  0  0  0  0  0.5  0  0  
0  0.007084936326281013  0  0  0  0  0  0  0  0  
0  0  0  0  0  0  0.01664932163255183  0  0  0  
0.0006748941433696707  0  0  0  0  0  0  0  0  0  
0  0  0.0008481764206955043  0  0  0  0  0  0  0  
0  0  0  0  0.00229221365733253  0  0  0  0  0  
0  0  0  0  0.00229221365733253  0  0  0  0  0  
