matrix
70 10
0.08989383858924352  0  0  0.02707546816334479  0  0  0.01699141443251355  0  0  0  
0  0  0  0  0  0.1222570539176204  0  0  0  0  
0.05802679092093049  0  0  0.0288605455273877  1.082944838021737e-234  0  0  0  0  0  
0  0.007084936927064459  0  0  9.321223810823925e-187  0.06112852695881029  0  0  0  0  
0.005571018345755341  0  0  0.005359253142383088  0  0  0.004266130275757015  0  0  0  
0  0.8138393476591192  0  0  0.7032194717463671  0  0  0.2826086956521739  0  0  
0.02376023813734652  0  0  0.002368587175426972  0  0.003134796254297962  0.008654601383991416  0  0  0  
0.0237610569204077  0  0  0.002364846803014773  0  0.003134796254297962  0.008654590407802617  0  0  0  
0  0.001977130430558321  0.8965224766751484  0  0.0122074873355491  0  0  0.02173913043478261  0  0  
0  0.05077538131062868  0  0  0  0.006269592508595925  0  0  0  0  
0.1637698630118223  0  0  0.001062920968810672  0.04125983904016894  0.1285266413051664  0.004105001943288191  0  0  0  
0.1018338053413596  0  0  0.0217216318060129  0  0.006269592508595925  0.02586128125002062  0  0  0  
0  0.01416987385412891  0  0  1.284503442145812e-186  0  0  0  0  0  
0  0  0  0  0  0.0611285269588103  0  0  0  0.9795918367346939  
0  0  0  0  0  0.06583072134025723  0  0  0  0  
0  0  0  0  0  0.1285266464262165  0  0  0  0  
0  0  0  0  0  0  0  0.1521739130434783  0  0  
0  0.06291100268178404  0  0  0.03603987687374155  0  0  0.1521739130434782  0  0  
0  0.007084936927064459  0  0  4.210180725611373e-186  0.06112852695881029  0  0  0  0  
0.02210125143806135  3.633570551054565e-168  0  2.674037192337732e-235  0.1737856445235741  0  0.02133403468328519  0  0  0  
0.1449292015536233  0  0  0.01166960820610126  0  0  0.04754283594495639  0  0  0  
0  0  0  0  0  0.06583072134025722  0  0  0  0  
0  0  0  0  0  0.081504702611747  0  0  0  0  
0.05267230606371162  0  0  0.01000625053538933  0  0.003134796254297962  0.02137153089157194  0  0  0  
0  0  0  0  0  0.003134796254297962  0  0  0  0  
2.58781965663031e-52  0  0  0.8001193320014204  0  0  0  0  0  0  
0.1449257746389751  0  0  0.01168526426041937  0  0  0.04754287706462674  0  0  0  
0.001349788255416969  0  0  9.499510417289641e-200  0  0  3.685567859194585e-219  0  0  0  
0  0  0  0  0  0.01097178689004287  0  0  0  0  
0.00557101834575534  0  0  0.005359253142383089  0  0  0.004266130275757015  0  0  0  
0  0.004765946536910838  0.1034775233248516  0  0.007939944103754037  0  0  0.04347826086956522  0  0  
0  0.007084936927064459  0  0  2.955528697944581e-187  0.003134796254297962  0  0  0  0  
0  0.01138533548777596  0  0  0.005405345922841817  0  0  0  0  0  
0  0  0  0  0  0.01097178689004287  0  0  0  0  
0  0  0  0  0.01146106640004693  0.08150470261174698  0  0  0  0  
0  0.01416987385412892  0  0  2.605858701288033e-186  0  0  0  0  0  
0.1449292015536233  0  0  0.01166960820610126  0  0  0.0475428359449564  0  0  0  
0  0.004160885993182954  0  0  0.005676167721236834  0  0  0  0  0  
0  0  0  0  0  0.06269592508595927  0  0  0  0  
0  0  0  0  0  0  0  0  1  0  
0.00449939997486065  0  0  1.609909571848372e-267  0  0  0.004160373063925728  0  0  0  
0.003599435347778585  0  0  6.934732541861848e-90  0  0  0  0  0  0  
0.002334671048306051  6.900936620557285e-195  0  2.785049987719968e-36  0.003005156332719645  0  0  0  0  0  
0.001972046328299179  0  0  6.719672936313256e-94  0  0  0.01762320172636969  0  0  0  
0  0  0  0  0  0  0  0.2826086956521739  0  0  
2.827818333709849e-60  0  0  0.06067743006180437  0  0  0  0  0  0  
0  0  0  0  0  0.003134796254297962  0  0  0  0  
0.0002249647092361615  0  0  0  0  0  0  0  0  0  
0  0  0  0  0  0.003134796254297962  0.7159208303024422  0  0  0  
0  0  0  0  0  0.003134796254297962  0  0  0  0  
0  0  0  0  0  0.003134796254297962  0  0  0  0  
0.0006748941277084846  0  0  2.95007573711653e-178  0  0  0  0  0  0  
0.001349788255416969  0  0  1.237591915529013e-179  0  0  0  0  0  0  
0  0  0  0  0  0  0  0.02173913043478261  0  0  
0.0006748941277084847  0  0  0  0  0  0  0  0  0  
0  0  0  0  0  0  0  0.04347826086956522  0  0  
0.0002249647092361615  0  0  0  0  0  0  0  0  0  
0.0002249647092361615  0  0  0  0  0  0  0  0  0  
0  0  0  0  0  0.003134796254297962  0  0  0  0  
0  0  0  0  0  0  0  0  0  0.02040816326530612  
0  0  0  0  0  0.006269592508595925  0  0  0  0  
0.0004499294184723231  0  0  0  0  0  0  0  0  0  
0.0002249647092361615  0  0  0  0  0  0  0  0  0  
0  0.0005904114105887047  0  0  0  0  0  0  0  0  
0  0  0  0  0  0.003134796254297962  0  0  0  0  
0.0002249647092361615  0  0  0  0  0  0  0  0  0  
0.0002249647092361615  0  0  0  0  0  0  0  0  0  
0  0  0  0  0  0.001567398127148981  0  0  0  0  
0  0  0  0  0  0  0.004162330408735129  0  0  0  
0  0  0  0  0  0.003134796254297962  0  0  0  0  
